44 41
91 112
92 62
44 41
80 79
56 56
60 48
-10000 -10000
53 44
79 92
44 62
66 122
56 58
58 72
70 58
65 52
60 62
66 77
55 44
80 67
23 23
91 57
88 87
46 99
34 87
41 84
43 10
28 7
56 52
69 11
51 65
56 37
56 52
63 78
17 19
26 120
54 49
58 59
52 67
86 54
54 64
50 42
72 39
55 73
68 49
53 31
-10000 -10000
54 49
43 46
52 55
14 5
41 55
79 62
50 50
41 60
87 88
77 63
73 87
105 90
59 39
61 65
61 45
94 86
71 81
45 98
32 59
93 57
56 55
80 57
62 66
54 40
79 56
54 43
70 8
61 45
56 63
71 71
59 51
105 42
33 43
58 58
57 8
46 44
51 78
34 11
53 67
65 52
74 91
51 85
40 41
61 22
59 51
76 29
50 44
58 55
21 11
43 67
51 75
52 66
67 39
80 85
74 50
27 38
46 25
35 46
88 72
76 48
44 54
74 37
69 87
83 87
38 50
105 65
53 59
43 82
64 56
55 51
64 78
10 32
105 122
-10000 -10000
78 67
36 40
50 58
82 35
47 80
81 77
62 93
57 50
76 76
41 83
74 67
93 72
35 77
71 80
-10000 -10000
48 12
56 50
76 100
62 74
70 122
85 76
39 45
52 8
105 56
63 41
39 57
70 80
66 78
81 122
47 51
44 49
60 69
40 82
61 70
71 65
36 38
52 44
39 71
49 53
57 52
67 67
105 121
53 82
66 48
72 62
51 10
27 34
66 54
34 54
41 56
74 88
57 57
54 58
48 53
38 51
51 61
40 17
69 63
84 95
68 55
57 100
72 49
48 53
105 122
62 121
52 86
51 64
35 62
34 37
66 63
6 3
84 95
63 69
83 69
80 122
77 68
105 101
48 35
69 70
65 98
61 76
63 84
66 83
91 84
64 12
53 66
60 68
44 55
51 10
69 51
39 53
79 79
62 70
85 74
80 42
74 64
65 71
29 73
62 75
61 66
51 79
55 49
82 7
57 90
47 53
58 66
66 98
94 95
23 36
71 70
62 75
59 57
30 12
37 71
37 28
32 4
47 52
39 64
54 64
55 46
12 24
90 86
25 59
72 58
5 7
51 60
58 59
77 58
76 33
55 67
54 55
72 97
51 56
42 41
62 55
42 99
42 29
44 56
56 51
58 99
22 59
97 66
51 51
33 38
83 73
43 76
62 63
68 52
36 30
52 51
61 54
86 52
45 14
38 73
79 66
74 51
54 67
78 71
48 36
72 55
47 89
19 47
59 48
66 62
50 69
76 43
58 87
63 68
81 83
57 39
65 61
40 81
54 55
48 10
37 68
67 71
67 55
86 77
39 59
28 92
83 103
53 46
62 49
57 6
55 59
58 97
75 54
68 94
69 89
72 13
91 64
63 34
47 61
75 105
60 44
62 101
70 42
62 74
45 23
52 35
66 63
37 53
77 52
75 41
32 29
63 104
36 69
27 8
44 88
44 64
22 23
50 54
80 72
61 40
10 20
29 25
62 17
81 76
65 43
75 44
46 50
85 122
60 87
62 53
60 49
50 43
43 21
21 51
62 54
72 77
74 59
44 37
59 76
51 78
66 78
63 56
47 35
26 71
77 75
76 81
87 121
67 122
70 67
81 93
55 70
70 100
69 76
57 49
79 70
-10000 -10000
38 71
42 38
68 41
34 81
47 62
46 17
42 76
56 39
71 50
33 42
79 39
44 88
89 72
39 88
44 27
-10000 -10000
44 78
86 41
48 76
52 61
52 48
40 69
71 122
64 95
34 112
77 76
48 33
48 100
75 86
-10000 -10000
64 71
78 88
43 72
50 54
70 88
40 42
79 57
73 52
46 57
60 58
83 108
58 49
47 45
59 84
68 71
38 22
79 61
49 59
36 41
77 55
24 26
70 85
86 93
56 49
36 64
53 68
53 84
52 40
75 10
44 44
58 64
75 56
61 85
41 16
57 71
37 50
78 89
62 72
53 52
80 84
61 9
47 92
100 122
85 100
39 39
60 84
41 71
53 46
52 30
43 57
24 32
77 64
80 78
104 122
47 46
55 83
76 76
66 99
64 74
90 80
57 49
50 81
58 13
55 13
47 51
80 63
68 68
41 55
68 106
53 69
54 70
52 42
65 77
57 53
76 85
85 69
58 23
45 57
40 61
48 57
81 101
19 41
60 59
64 62
56 62
52 64
9 34
46 48
67 62
51 58
34 29
47 68
56 65
84 122
50 77
31 64
16 20
36 74
79 78
43 61
51 75
65 51
20 7
54 67
22 48
53 46
50 32
51 40
64 75
64 111
85 75
50 41
69 36
53 61
67 65
76 77
67 82
44 58
58 42
61 36
70 85
76 91
75 83
64 78
63 50
55 91
45 87
72 5
74 56
32 37
64 116
44 83
55 43
78 72
79 62
90 70
96 116
50 31
72 56
45 22
72 70
58 40
43 67
56 55
99 87
83 122
80 70
56 60
69 71
48 66
56 60
101 103
47 76
43 72
64 9
27 30
97 93
28 11
73 37
58 70
33 13
62 6
24 31
86 93
46 85
54 64
90 122
105 62
62 39
73 72
43 69
82 60
73 99
74 81
78 49
71 73
47 85
60 72
68 68
28 47
104 68
60 6
12 57
49 78
83 55
90 122
92 80
62 67
-10000 -10000
60 51
42 67
35 88
50 34
58 38
72 11
53 40
64 64
44 55
43 62
57 96
52 54
24 55
53 39
81 122
44 35
64 87
23 56
80 122
45 46
70 66
48 65
12 7
19 40
85 86
40 32
71 80
38 43
68 28
80 122
59 61
60 62
105 80
66 81
45 44
46 92
47 59
52 49
42 31
83 80
55 45
50 71
54 49
84 70
77 93
7 3
68 55
47 71
41 57
72 49
54 98
51 42
29 68
75 58
55 38
65 38
57 62
74 57
63 69
70 55
39 35
42 38
83 85
48 51
67 92
23 34
74 70
54 38
37 51
48 77
82 60
31 30
19 66
68 56
45 96
44 51
50 97
86 61
56 76
39 6
53 61
64 66
29 97
93 122
42 80
62 10
55 31
42 46
24 42
32 52
72 68
61 10
49 60
37 43
105 122
96 58
57 55
79 55
58 47
22 28
105 95
61 31
68 55
27 87
85 98
50 52
45 29
50 38
60 90
52 45
82 83
66 60
50 76
77 77
63 67
93 60
59 52
47 86
70 76
65 69
55 48
60 34
76 75
105 83
56 59
48 69
52 39
28 65
61 66
62 62
51 64
36 24
63 40
65 104
68 103
52 50
88 91
54 43
90 76
49 65
105 83
-10000 -10000
57 66
23 48
54 71
44 36
32 67
36 14
47 68
46 27
57 97
49 68
61 46
62 70
40 39
55 82
65 71
56 100
61 47
105 31
71 5
51 54
75 57
34 43
66 69
62 23
52 94
86 75
56 74
77 83
59 43
81 62
68 100
53 60
59 42
47 69
64 77
69 37
76 101
54 53
66 71
50 74
73 80
76 52
58 40
70 61
15 4
19 36
58 65
55 50
68 62
45 31
65 66
17 7
56 53
72 103
51 66
105 60
26 7
52 32
47 63
51 18
62 46
68 43
32 55
67 74
62 54
22 36
48 76
66 7
48 85
49 73
52 17
105 13
83 93
61 112
39 52
65 64
58 71
74 85
50 41
56 52
61 65
61 83
62 70
84 7
57 46
43 30
49 56
53 98
105 79
81 104
36 72
56 60
105 59
80 75
45 105
68 63
21 4
14 13
33 45
46 40
49 45
47 45
59 95
73 68
72 96
72 63
53 29
73 63
59 45
41 56
40 28
56 56
36 72
73 70
79 32
39 37
80 122
40 60
48 51
96 69
63 72
50 54
86 66
57 81
105 114
55 58
31 66
43 104
75 78
25 48
40 38
57 69
59 28
67 47
61 34
40 82
75 57
76 54
93 98
60 63
-10000 -10000
60 75
55 64
85 86
78 97
71 92
87 122
79 77
48 79
93 84
56 46
65 61
65 58
105 99
90 96
57 8
83 99
58 62
61 7
48 50
66 62
81 122
46 67
49 67
77 59
63 59
72 57
76 6
77 50
51 7
66 61
56 73
69 54
64 70
64 92
64 46
83 88
63 42
38 24
65 59
73 63
72 92
71 71
74 90
42 33
105 99
44 93
55 46
79 78
24 60
60 32
69 75
57 49
71 9
65 55
39 54
70 88
76 84
33 44
35 38
57 68
84 67
77 115
69 81
64 75
53 34
51 73
69 53
95 95
44 78
66 75
63 27
46 55
30 15
49 81
65 75
70 119
42 44
57 56
58 30
50 58
68 5
82 89
65 55
42 52
76 98
31 36
69 63
70 47
48 69
85 47
35 52
105 64
69 75
22 37
61 53
46 50
39 50
63 74
65 65
32 12
53 61
41 53
52 97
73 90
57 80
88 77
51 49
12 13
73 65
84 110
92 59
59 71
75 78
59 76
55 47
36 50
41 35
43 42
31 6
38 50
46 63
40 25
18 49
62 55
57 6
47 42
60 45
42 43
44 62
22 19
57 61
56 119
52 76
47 54
62 18
59 33
63 70
17 5
49 50
50 64
34 18
82 82
37 64
57 63
79 96
58 54
47 55
27 50
69 66
29 5
45 66
65 111
48 100
67 100
48 64
28 46
50 87
64 52
72 61
24 23
42 49
57 74
58 83
58 41
104 68
75 79
54 52
51 13
72 77
41 57
59 44
62 114
40 40
50 59
67 66
36 58
-10000 -10000
48 54
36 34
14 4
74 69
67 74
59 42
48 70
26 43
71 81
60 39
62 37
105 64
56 55
53 46
45 56
39 29
87 66
2 2
74 63
25 20
68 65
33 68
40 57
71 49
64 91
57 86
50 38
77 87
73 46
101 122
41 43
48 63
60 58
47 36
55 58
34 70
61 58
50 44
50 29
77 66
80 88
50 62
84 75
44 74
66 76
105 122
46 77
39 83
36 22
55 69
70 74
43 48
73 72
53 44
59 62
70 63
63 64
40 62
86 78
57 79
64 55
78 91
37 59
49 45
28 11
64 49
61 49
73 77
28 28
103 122
27 51
84 48
74 78
67 66
34 75
59 36
105 70
46 56
43 21
73 85
53 77
24 25
69 63
38 48
38 7
56 30
55 48
65 39
48 53
68 96
85 86
69 81
46 65
61 104
27 54
58 66
75 72
69 93
34 73
45 55
57 115
64 65
43 60
55 87
57 70
54 37
36 61
82 122
64 49
63 84
42 74
69 78
47 61
66 87
41 60
74 71
52 53
22 30
50 73
66 82
48 75
93 35
-10000 -10000
71 6
49 21
44 39
33 45
24 63
3 4
18 16
56 67
70 56
56 44
76 58
53 80
60 25
53 62
65 47
75 62
45 63
45 44
56 43
80 62
49 62
67 87
49 84
71 41
50 42
105 71
70 103
57 46
42 61
105 63
57 50
45 61
49 89
66 77
51 7
72 66
50 53
45 42
12 16
36 18
59 57
29 50
86 102
4 6
45 57
69 62
70 75
68 83
46 90
26 44
45 78
93 110
44 50
84 122
58 99
38 56
77 25
45 68
43 27
49 59
34 59
48 34
92 65
25 61
48 39
73 68
53 46
51 53
63 30
53 47
95 23
54 57
79 83
61 82
82 56
58 41
64 58
80 121
48 65
54 57
80 86
92 70
49 51
32 6
53 78
63 61
50 58
66 47
83 33
22 15
61 50
81 78
56 55
85 77
59 65
42 37
28 57
44 89
72 66
55 59
58 63
67 38
30 31
34 92
54 82
76 66
56 77
72 76
87 86
78 62
43 80
20 31
65 69
65 65
69 37
56 49
72 117
69 82
38 93
46 65
41 53
38 51
76 55
60 84
67 95
70 76
70 51
66 93
63 52
59 62
64 79
76 74
67 76
14 44
65 75
95 95
56 75
42 64
66 37
50 53
47 68
46 61
61 29
44 41
90 122
39 52
55 75
72 122
53 58
69 114
42 42
55 33
51 11
44 64
82 52
68 84
79 58
65 114
54 30
-10000 -10000
71 53
103 122
82 122
77 100
75 53
33 29
47 94
69 59
69 69
65 60
40 83
46 63
69 111
55 55
35 38
64 33
45 53
59 65
76 75
79 71
74 100
35 44
55 70
105 82
46 23
105 79
67 9
55 65
101 115
52 45
54 52
-10000 -10000
62 71
28 84
105 122
16 43
69 51
28 85
60 90
12 10
86 84
70 82
56 90
33 19
39 24
52 57
68 98
77 114
45 68
74 54
59 51
38 25
41 62
90 76
10 5
79 51
37 33
70 87
65 56
64 75
45 33
72 77
82 122
54 87
57 87
46 71
33 44
59 82
43 88
70 7
65 75
44 56
64 69
88 103
54 49
40 43
37 13
29 28
70 87
59 80
53 67
55 95
49 48
41 22
105 117
53 22
43 56
56 11
63 59
36 19
76 69
47 63
36 63
73 88
90 79
56 59
36 29
86 80
50 50
55 62
62 13
48 54
42 75
59 87
77 59
61 71
57 56
80 65
63 52
56 66
105 35
52 95
77 104
61 76
48 89
90 122
72 78
70 50
70 91
51 72
47 22
33 71
54 42
65 62
46 111
43 88
64 53
60 50
60 45
18 6
41 48
85 79
105 89
70 33
63 48
50 59
59 65
58 52
66 71
49 47
51 49
67 49
17 11
62 67
74 71
97 122
24 24
88 76
65 57
30 52
73 50
48 11
57 56
57 45
77 93
44 38
101 122
44 13
74 64
39 72
61 39
56 72
49 74
32 39
26 17
76 50
51 96
46 58
47 81
71 54
74 67
53 37
6 35
60 52
45 83
52 83
64 54
41 36
43 43
51 40
84 85
36 52
76 58
25 78
42 77
77 100
51 82
81 65
48 67
75 101
78 54
51 54
34 57
55 58
34 47
57 56
26 11
3 3
63 43
77 87
44 12
43 72
82 53
39 46
105 122
64 73
56 40
61 82
39 56
52 55
51 83
83 61
28 23
29 61
44 72
67 122
30 57
91 70
70 73
13 22
44 87
54 62
58 92
65 81
48 49
79 79
35 48
63 46
62 32
72 66
41 57
71 80
61 58
57 92
68 88
74 122
58 63
39 107
70 89
30 63
49 56
57 59
38 69
68 67
50 82
62 97
69 35
71 26
42 39
66 48
54 43
25 6
48 47
59 78
57 72
46 81
22 5
80 71
47 83
71 97
57 50
96 122
78 79
28 86
43 52
48 47
40 50
62 30
-10000 -10000
28 81
66 49
56 32
64 111
45 60
74 90
83 83
65 119
61 74
68 93
74 77
15 43
74 79
52 74
29 59
70 73
47 47
55 49
72 70
36 54
59 52
66 50
46 36
53 41
46 48
69 72
65 79
82 115
57 79
58 68
66 73
55 60
48 53
44 57
53 96
72 66
37 62
83 71
97 82
39 64
76 57
72 60
92 122
84 101
88 111
72 104
70 122
52 41
61 47
55 79
68 40
32 64
23 4
75 93
44 73
64 49
50 50
41 25
71 33
47 39
68 86
87 91
68 38
87 56
87 78
33 68
61 61
46 38
85 62
47 84
44 28
83 95
96 67
61 64
72 101
15 51
50 68
59 62
45 64
39 77
58 50
58 91
61 47
52 47
72 84
18 8
40 95
90 75
51 39
53 101
105 55
52 65
48 6
51 82
49 47
55 62
35 48
47 30
34 31
81 122
37 42
40 13
49 68
55 24
48 37
74 69
99 122
52 65
40 43
55 39
80 65
86 53
79 107
53 62
43 113
-10000 -10000
49 83
19 49
45 37
49 73
87 100
57 56
53 61
84 59
73 70
72 66
105 70
40 101
28 68
83 40
63 115
68 58
53 35
55 48
44 46
58 84
51 48
79 83
22 58
57 57
75 76
63 77
56 40
46 33
55 17
45 53
59 58
2 3
87 93
76 58
28 47
58 41
50 81
56 72
24 51
77 69
67 122
71 91
105 64
8 22
74 83
52 40
65 43
66 65
69 76
91 88
67 63
46 58
105 44
41 58
66 46
59 63
17 17
50 69
41 56
59 71
53 72
88 73
64 8
45 86
22 28
64 91
55 40
60 21
55 52
67 97
66 77
50 87
37 28
52 70
105 122
37 69
52 36
70 54
50 73
44 65
46 40
91 83
46 57
43 17
85 84
88 122
79 53
47 90
41 54
65 58
75 58
81 72
56 41
63 52
48 38
70 58
59 80
75 91
63 77
73 60
56 93
52 69
4 7
63 76
62 60
60 95
53 35
54 68
28 50
59 59
51 59
84 76
48 37
45 59
56 71
81 64
68 67
70 57
52 28
83 101
51 70
43 55
48 66
29 54
54 60
64 69
36 23
38 87
68 83
32 64
44 57
59 34
72 50
40 14
44 35
76 68
83 46
51 57
30 23
47 109
16 58
67 67
52 37
74 56
74 64
63 27
44 60
74 75
50 8
82 81
83 83
72 122
63 52
47 40
57 72
62 48
52 35
77 89
47 47
62 45
53 84
67 80
60 44
76 87
65 52
105 119
64 60
74 71
43 77
86 58
57 54
19 49
87 100
78 73
54 39
52 73
35 51
64 56
57 53
58 43
73 70
83 88
104 17
52 38
68 80
54 55
30 32
61 51
57 42
50 43
54 74
76 61
58 81
45 24
30 46
59 96
52 58
67 89
39 45
69 70
46 93
91 83
79 65
58 79
51 44
44 44
66 73
72 84
69 66
81 67
44 68
50 13
69 79
23 22
13 58
77 90
69 58
71 65
59 35
39 69
58 74
42 24
64 114
44 38
105 25
54 73
46 61
78 68
57 82
67 6
71 104
37 64
56 106
41 51
31 49
62 35
35 48
105 112
60 91
80 75
57 74
64 49
63 113
50 34
105 121
60 42
55 52
75 71
48 38
42 81
45 61
69 99
69 27
70 53
69 76
44 10
41 62
29 8
72 71
59 65
80 74
25 75
39 49
64 74
35 59
62 59
46 66
49 73
52 48
69 68
91 122
85 65
69 93
61 73
44 68
91 93
57 70
26 62
71 52
78 122
61 46
54 45
68 70
74 73
53 71
53 75
60 67
43 66
29 85
40 49
17 10
90 86
25 28
63 50
58 57
105 75
62 80
47 72
49 48
36 35
52 90
5 5
19 50
63 80
60 62
89 61
61 122
43 64
38 71
21 63
47 57
66 97
75 78
55 55
47 39
57 53
12 21
63 63
47 65
52 46
78 66
63 98
34 89
84 78
47 49
33 44
64 43
55 52
68 12
41 36
40 51
61 94
45 87
59 41
61 83
57 26
20 14
67 15
62 26
60 103
51 48
53 39
53 53
62 58
53 57
68 95
82 64
67 72
44 66
63 72
62 61
66 31
38 95
44 31
59 51
32 40
79 68
54 59
91 92
51 44
43 110
54 42
44 37
79 62
70 81
80 74
45 66
68 94
70 86
43 45
34 46
75 122
33 41
89 40
62 82
56 39
41 77
35 73
56 22
45 109
59 54
38 56
88 87
37 53
72 41
50 43
76 83
37 56
58 77
50 48
32 87
72 61
52 69
69 69
46 35
60 53
64 94
90 80
105 44
41 10
48 55
62 88
76 83
63 90
67 63
55 96
79 67
59 51
56 68
55 98
83 58
69 72
64 19
61 47
70 63
54 71
62 72
47 75
58 58
70 53
39 29
39 40
48 42
92 109
45 59
45 45
49 81
43 17
48 32
69 84
21 16
44 54
28 63
71 34
80 62
75 53
72 74
59 80
56 66
79 85
25 28
54 37
49 49
56 35
74 71
103 98
68 7
40 39
51 60
42 61
51 39
49 63
70 74
55 27
21 6
65 71
57 93
66 84
63 59
50 39
50 18
85 74
42 31
44 73
51 83
48 98
105 68
55 60
87 68
78 79
90 79
74 77
75 72
62 65
27 33
36 50
32 50
53 66
81 110
48 28
74 76
53 101
52 97
76 60
73 78
25 38
40 51
51 50
64 75
87 42
39 98
30 36
57 38
13 39
55 48
38 37
23 59
50 59
64 19
35 68
71 10
44 15
4 10
25 46
42 64
-10000 -10000
49 40
10 9
75 78
13 4
58 70
49 45
64 54
77 93
57 37
84 122
73 53
53 57
38 74
37 83
72 79
69 71
35 39
56 57
73 33
68 93
59 92
37 34
40 75
60 84
63 79
35 92
43 57
47 6
39 48
54 43
73 77
57 67
75 82
55 32
57 30
52 50
67 122
44 70
62 63
60 50
45 48
40 25
81 69
88 122
46 67
52 48
60 52
53 93
72 71
49 46
57 54
42 59
68 78
67 26
56 54
50 5
59 84
44 122
38 25
6 15
25 48
52 76
61 59
27 66
87 48
80 73
44 48
70 75
35 56
65 81
105 122
57 74
65 53
63 71
44 45
55 52
37 77
81 122
92 81
57 81
79 76
56 114
61 50
92 108
63 54
42 48
58 77
39 44
64 85
55 54
69 64
53 95
70 93
65 35
70 54
56 50
66 108
65 85
41 87
66 34
29 60
42 58
56 37
65 61
64 98
81 90
42 82
44 58
52 49
71 89
3 2
47 51
71 50
56 60
-10000 -10000
48 87
41 62
83 62
77 74
58 55
27 54
33 83
72 82
70 70
21 45
54 77
48 33
60 54
23 53
43 28
26 56
48 84
57 61
37 41
59 61
88 99
62 106
56 39
55 49
94 68
63 57
41 45
45 61
77 85
49 9
48 64
76 63
39 65
63 98
29 5
51 101
77 66
86 58
66 36
25 41
46 61
65 26
31 122
56 101
70 90
50 51
36 46
63 51
80 62
42 45
53 34
69 122
68 35
85 71
56 41
56 70
88 61
63 87
29 55
49 90
51 62
68 83
-10000 -10000
105 38
34 60
64 54
87 67
64 48
56 56
95 61
77 65
67 7
58 59
105 64
25 33
32 65
69 7
36 45
105 91
28 50
97 122
52 75
40 22
10 21
46 65
46 62
105 71
59 55
56 50
46 60
24 28
81 66
29 45
37 23
75 103
68 113
100 67
58 72
45 77
26 25
72 58
71 69
51 83
105 85
52 34
70 71
81 74
33 39
66 49
56 53
58 93
87 114
47 70
2 1
42 54
38 89
70 65
89 48
51 48
55 32
57 66
57 62
50 15
56 76
60 41
45 51
77 76
58 55
43 20
63 71
78 122
86 61
42 54
52 71
24 97
48 30
1 3
64 58
48 83
77 76
85 100
74 85
62 56
58 62
50 57
86 99
39 44
72 84
43 59
67 41
50 73
62 80
40 42
-10000 -10000
51 29
64 76
105 112
60 33
83 55
70 95
93 64
53 58
76 70
65 53
62 60
34 56
76 122
61 40
41 54
28 41
54 48
105 63
85 44
51 65
82 54
65 121
68 78
79 80
41 26
6 4
46 33
22 5
58 94
2 4
43 69
54 75
28 53
75 69
64 71
73 94
66 46
29 28
66 61
63 51
60 51
52 22
43 92
49 40
49 62
52 51
53 56
43 43
33 76
53 60
64 74
58 61
52 46
58 52
54 69
49 52
44 85
57 38
79 47
46 41
70 15
75 12
28 110
2 22
40 21
67 75
54 83
64 41
46 84
66 83
52 46
69 80
42 74
42 50
53 73
57 83
61 42
82 72
56 68
21 43
52 32
29 54
43 60
48 32
49 65
51 85
45 72
28 28
71 70
54 73
54 67
73 66
76 64
45 43
60 9
51 81
105 46
69 77
37 70
54 8
15 6
51 32
30 36
63 66
67 48
35 52
60 71
48 70
37 27
53 23
83 122
21 21
52 55
59 68
29 71
73 86
70 80
94 63
53 46
42 53
55 45
46 84
38 36
46 48
83 35
64 68
21 14
78 7
26 34
95 114
51 46
69 67
67 63
56 76
55 95
55 77
60 67
62 44
28 26
66 94
96 122
67 55
55 47
80 58
84 75
57 79
46 59
60 47
75 67
56 52
70 36
75 81
50 41
51 54
73 77
62 31
63 47
49 58
45 54
79 101
60 53
67 98
69 122
55 42
44 47
49 51
40 104
34 45
35 38
45 62
70 41
91 80
79 81
61 101
63 95
76 77
49 81
68 108
50 68
50 96
96 116
69 90
73 77
-10000 -10000
32 105
44 46
38 38
60 61
58 61
33 46
74 92
41 61
32 66
95 101
66 67
50 71
54 43
23 55
42 41
66 70
57 65
70 71
40 70
49 81
39 65
52 56
61 75
63 47
44 82
84 95
77 85
54 28
67 72
76 71
60 69
57 70
59 55
56 56
64 90
51 58
52 89
80 63
81 122
58 62
32 80
85 82
26 56
3 8
56 38
48 57
44 17
71 72
87 66
55 61
34 64
22 50
41 23
37 45
54 18
50 49
34 42
47 95
67 91
46 59
39 36
73 47
45 67
105 111
33 38
42 85
65 65
60 63
42 66
67 65
55 68
63 53
69 76
95 74
67 61
73 54
79 92
82 39
80 73
41 36
64 77
43 65
60 82
56 39
67 102
66 56
43 38
57 69
84 78
63 50
34 49
85 99
58 103
47 68
38 70
56 73
58 42
44 41
53 63
37 44
55 53
72 80
88 122
50 11
58 42
60 70
87 49
32 98
54 95
54 70
35 6
54 36
55 69
67 50
36 16
50 62
66 90
84 81
69 83
36 55
71 58
40 68
64 76
66 82
55 35
73 87
51 75
66 78
75 108
36 60
56 61
50 42
53 63
57 103
67 83
43 47
29 56
44 47
53 89
54 38
87 59
52 91
53 84
58 74
82 93
91 85
34 47
50 33
69 84
44 98
73 95
74 53
38 36
-10000 -10000
62 79
47 44
45 34
81 77
46 68
64 58
36 41
73 93
55 44
24 58
62 32
105 122
29 6
65 63
84 80
96 122
61 82
86 72
62 37
43 51
64 51
80 53
69 59
87 95
69 64
52 66
43 65
50 67
44 55
48 77
68 56
55 94
38 64
69 102
64 51
60 67
62 90
73 69
97 94
70 61
57 41
21 77
44 90
79 73
61 68
53 46
64 65
59 107
73 122
59 11
65 71
88 49
67 33
72 85
54 28
53 31
68 68
79 100
79 71
46 52
75 62
68 41
50 51
62 71
71 69
52 98
46 115
65 62
54 56
54 100
42 44
65 36
51 53
61 78
53 65
42 28
67 60
52 50
80 103
30 20
57 73
56 36
48 85
50 101
54 34
85 79
55 45
77 122
46 55
75 101
28 32
56 96
9 11
68 88
41 43
78 81
82 81
87 78
14 5
76 51
83 99
34 78
63 60
42 46
61 54
39 64
55 78
66 77
75 61
70 98
57 61
85 91
50 27
5 2
29 60
42 60
39 40
68 89
-10000 -10000
53 54
91 95
68 96
33 20
66 37
75 62
36 97
78 45
72 73
47 89
52 35
60 41
42 81
61 55
74 51
74 45
62 46
75 63
54 49
55 29
69 108
72 122
56 26
34 72
30 33
62 76
52 71
55 38
65 7
68 93
85 74
51 71
63 53
73 90
51 57
54 73
37 56
77 62
62 76
53 58
105 111
7 6
80 88
37 36
70 65
79 71
77 80
49 72
54 34
25 25
82 56
60 99
66 87
55 70
48 36
21 38
58 68
66 84
54 75
50 42
47 41
57 96
73 63
66 75
66 62
58 83
78 77
43 41
32 62
55 41
53 18
64 82
63 103
50 81
69 52
47 97
52 79
62 60
72 77
43 79
54 101
37 71
60 63
91 71
68 83
50 57
74 100
54 54
89 81
92 64
71 67
70 68
69 81
44 52
78 82
58 65
58 44
40 56
76 122
68 99
45 34
63 42
71 54
55 45
105 71
39 42
78 78
54 65
45 56
53 5
80 55
64 59
13 2
52 75
66 60
23 24
66 61
76 68
42 65
11 10
72 104
66 59
58 56
72 62
35 74
62 107
48 57
93 78
36 29
65 91
49 58
37 23
52 60
67 67
79 64
18 24
91 72
29 31
49 33
53 62
47 48
49 65
71 100
49 59
87 60
39 57
66 74
84 98
71 70
105 63
77 73
68 66
32 85
67 10
88 70
44 59
74 77
39 51
80 70
70 105
40 86
64 112
71 64
49 66
48 38
62 88
81 69
29 42
71 102
79 41
68 66
-10000 -10000
76 71
60 78
39 48
57 64
59 76
71 101
54 27
76 68
57 55
63 46
68 56
53 52
50 50
74 30
49 50
55 13
70 90
47 78
42 56
53 59
69 100
59 42
64 73
55 78
65 56
72 89
57 92
60 73
82 88
48 48
105 64
80 61
50 41
50 47
78 62
51 73
54 44
74 62
47 60
41 52
53 66
54 44
57 96
40 32
33 68
66 48
56 83
27 26
50 61
21 93
60 58
61 71
50 70
57 78
37 57
71 61
66 64
78 122
86 91
56 28
45 54
39 56
14 18
8 10
69 36
68 73
58 40
35 75
48 49
73 86
-10000 -10000
55 50
42 75
93 113
51 63
47 116
52 36
61 5
42 58
69 45
55 54
32 104
55 78
77 62
47 56
67 57
50 57
18 13
105 59
63 90
56 65
56 52
58 88
29 52
54 65
43 66
-10000 -10000
66 92
29 61
87 100
48 100
62 79
58 72
52 63
40 14
66 40
58 54
73 64
77 76
49 41
59 51
62 78
81 108
74 68
57 62
59 59
72 74
55 52
4 9
61 66
32 55
56 59
53 122
67 80
13 4
33 19
58 6
15 17
44 68
55 59
65 122
77 85
53 81
43 47
33 67
39 49
62 84
10 33
73 109
60 79
59 60
36 42
54 33
29 41
49 75
105 122
41 91
57 75
30 24
81 78
60 34
70 67
62 70
73 75
53 46
49 58
66 69
6 5
82 78
58 94
40 56
48 67
71 57
73 61
17 26
76 95
73 64
47 54
6 12
31 89
71 121
67 91
61 55
36 44
105 67
72 63
34 29
59 71
44 43
60 12
67 50
73 64
35 33
38 54
62 62
49 59
76 68
78 57
33 48
75 81
68 57
62 48
44 59
26 79
30 82
56 63
65 68
30 49
73 51
70 6
61 35
87 122
-10000 -10000
60 56
29 53
36 74
70 69
20 4
72 64
70 67
31 52
84 97
37 47
64 58
58 63
96 62
40 80
49 42
67 87
48 42
50 70
67 66
61 62
60 48
57 41
6 6
77 122
51 58
54 58
45 79
63 51
50 58
75 58
41 60
45 30
105 69
73 70
73 73
77 40
1 3
68 68
51 19
53 74
49 78
55 50
59 99
67 41
105 66
74 86
105 92
17 33
49 71
58 65
35 47
83 41
40 101
98 92
95 87
-10000 -10000
105 75
83 74
61 42
65 94
64 6
53 15
54 62
40 51
80 70
49 65
63 53
55 52
61 55
33 38
93 77
84 65
62 48
25 31
65 107
48 60
44 35
105 121
26 94
57 67
63 43
55 33
42 35
56 56
46 76
70 49
20 17
73 78
53 29
39 7
83 61
72 76
53 39
40 54
61 65
68 59
51 92
56 23
41 60
52 44
38 62
89 122
58 70
105 122
72 77
78 122
54 64
63 94
78 49
49 54
41 56
30 73
15 34
60 67
33 9
57 77
39 87
53 77
29 45
81 56
32 85
68 79
27 30
82 65
67 48
105 41
69 55
73 55
69 60
17 12
46 73
36 24
65 47
55 54
53 96
51 55
37 76
60 80
66 46
59 50
48 54
71 64
84 72
68 88
34 58
57 58
78 98
66 90
83 68
68 54
60 37
45 37
78 95
54 77
76 11
96 91
43 65
52 41
50 54
74 83
68 43
53 56
96 122
72 37
30 67
72 89
47 78
32 99
30 56
80 87
61 103
80 98
68 100
70 94
47 93
4 20
46 8
37 50
69 45
67 91
73 49
84 64
50 65
26 34
67 57
78 55
58 51
44 77
31 54
58 49
105 101
62 46
52 57
62 93
67 90
88 57
38 76
75 24
71 84
67 73
89 106
86 73
61 52
76 57
55 52
80 73
51 107
80 71
18 24
62 110
77 82
71 8
21 58
64 66
99 122
83 122
68 10
79 76
71 71
46 41
28 37
39 5
46 49
55 38
81 75
60 67
56 42
72 88
65 91
61 66
38 56
59 49
41 111
54 69
65 98
47 55
48 38
48 47
31 67
58 89
86 67
47 49
44 9
80 95
53 58
25 62
34 55
70 61
62 88
75 81
64 65
63 90
66 66
52 68
12 37
47 80
55 53
65 66
31 51
67 71
78 98
59 122
57 59
56 67
72 63
61 69
63 68
78 65
71 101
58 74
33 34
70 49
57 57
90 36
82 121
89 117
93 79
98 122
51 42
54 19
93 93
59 23
17 5
57 76
40 37
87 41
45 46
81 58
105 57
86 15
47 45
51 69
49 82
105 122
26 58
50 71
71 76
38 43
30 77
46 48
83 68
68 77
53 81
58 76
75 87
57 51
62 37
45 19
63 122
23 48
44 57
81 84
30 44
43 66
59 57
59 71
36 48
34 94
43 53
68 84
61 56
56 59
79 85
44 61
64 70
64 50
84 87
56 53
44 53
36 6
48 23
70 86
11 6
60 80
76 95
51 60
42 14
76 60
62 85
36 56
62 36
67 79
75 94
67 90
51 58
55 74
55 77
56 11
62 71
48 70
52 51
62 42
8 22
83 54
31 50
44 65
6 3
69 122
105 67
70 90
81 53
77 44
53 70
64 107
73 72
47 86
74 93
49 42
60 47
41 51
45 72
59 99
71 35
97 115
46 50
61 55
42 50
32 71
55 58
59 48
63 70
77 93
52 66
81 81
64 72
57 12
45 27
75 57
27 7
62 37
35 63
45 70
76 52
57 66
23 53
99 91
3 4
69 100
4 42
49 72
55 62
59 45
84 71
55 64
92 122
57 80
56 75
91 67
59 53
64 11
45 42
49 40
50 97
54 34
63 65
57 62
40 51
40 21
44 64
58 52
90 74
62 61
56 50
78 51
25 6
64 85
83 77
15 50
74 47
62 75
32 61
50 46
-10000 -10000
81 65
62 91
67 57
20 71
64 71
73 62
96 42
56 60
76 52
47 83
56 32
66 98
84 41
28 21
58 76
69 76
51 57
56 77
67 60
46 63
64 71
78 72
70 68
68 77
53 70
82 54
76 58
55 47
43 44
71 101
88 92
51 53
50 75
105 68
46 44
58 74
57 46
67 50
61 104
38 32
36 34
53 46
66 65
32 24
81 74
3 17
64 46
3 7
68 74
33 60
52 64
89 88
37 47
82 94
79 60
53 52
20 19
67 51
58 71
68 41
52 64
38 64
29 70
59 61
73 55
64 108
64 65
78 56
74 79
60 52
35 36
64 63
51 29
43 19
50 45
66 84
42 63
66 67
84 79
68 74
67 91
91 95
52 6
67 87
45 62
56 54
87 82
105 121
57 45
85 95
22 22
91 83
90 10
79 58
39 53
53 98
64 69
44 65
47 98
56 29
44 71
43 48
51 63
79 70
41 44
49 79
54 86
37 85
30 54
67 85
52 59
10 4
43 60
64 78
66 78
105 109
76 61
44 64
75 63
83 55
56 45
28 18
61 40
56 7
74 52
59 87
55 45
39 44
62 104
6 5
67 35
54 74
90 119
63 40
73 49
37 52
70 122
61 78
62 92
78 65
52 40
46 46
27 52
105 48
54 21
48 66
50 79
83 93
64 49
58 59
44 26
26 42
105 48
60 71
76 51
56 42
67 60
92 91
55 61
36 11
43 31
25 27
42 50
77 79
50 54
42 27
71 60
77 81
58 49
49 39
63 95
69 37
65 59
63 65
51 41
67 70
81 11
71 78
38 47
53 34
86 122
87 59
49 81
52 64
90 90
83 100
69 62
22 37
39 31
58 54
72 74
40 49
27 30
56 70
63 80
54 70
55 40
56 80
82 66
46 8
18 63
77 66
74 63
50 50
80 80
60 83
19 65
54 76
4 6
37 45
16 30
64 68
62 60
57 77
81 9
40 53
59 43
81 81
51 51
33 38
67 82
78 68
15 28
82 73
65 75
53 59
48 62
41 57
58 70
18 7
45 81
72 60
49 59
64 38
61 63
77 122
49 17
22 51
58 48
105 122
47 58
59 52
58 56
49 49
59 82
48 52
62 76
49 45
44 78
77 92
65 35
44 8
60 79
50 84
49 90
65 48
56 61
46 63
61 58
43 64
52 31
42 60
72 80
42 78
75 74
84 78
62 26
24 54
63 90
68 98
53 73
51 40
66 48
50 63
51 47
88 117
87 121
72 72
-10000 -10000
79 54
46 30
45 57
55 53
54 71
49 52
56 26
63 51
57 66
79 84
80 83
57 80
54 73
74 66
35 95
68 91
76 76
51 99
72 47
52 29
75 43
72 80
45 12
45 43
37 60
85 68
66 43
45 42
65 41
78 96
40 40
62 93
51 22
64 65
70 44
62 91
66 54
51 6
65 42
32 52
70 42
48 79
65 42
51 22
65 69
74 55
59 61
84 78
73 70
64 52
71 51
56 70
76 86
83 113
47 43
81 91
23 34
54 81
46 46
48 102
72 86
43 44
38 91
75 35
76 54
76 63
70 70
63 63
69 50
72 88
68 56
41 45
48 57
73 69
79 122
48 89
49 29
42 88
50 60
75 122
40 42
35 69
53 53
39 69
41 65
65 69
80 97
41 50
55 47
64 55
55 17
69 97
73 65
67 74
53 68
63 26
83 80
49 91
60 75
53 41
68 74
78 82
52 54
65 48
73 72
65 59
58 50
90 67
49 70
64 8
83 68
47 41
65 113
55 85
15 38
86 73
30 45
74 122
77 33
1 2
17 60
74 65
44 42
50 50
76 59
64 90
47 43
42 41
44 39
50 43
60 85
71 66
40 47
52 52
57 43
57 58
105 33
82 70
82 84
24 37
52 74
92 74
66 94
54 60
77 54
54 49
79 69
50 95
52 67
75 51
76 6
70 75
65 67
76 70
15 5
32 39
90 81
27 63
56 80
54 99
62 49
57 62
50 89
47 104
105 93
35 72
48 57
52 48
76 68
72 48
48 56
74 68
64 58
97 115
32 36
74 59
46 102
58 49
27 96
63 66
40 37
38 82
23 50
35 57
61 67
20 53
51 72
65 68
62 54
54 30
33 49
81 27
64 36
66 52
54 84
73 88
84 77
53 45
46 82
36 53
90 57
50 73
60 58
81 84
54 46
84 68
65 79
35 70
4 6
62 62
60 47
51 33
53 47
54 42
69 51
49 38
74 40
42 75
46 31
68 95
-10000 -10000
94 77
87 95
96 122
49 78
19 4
50 47
50 60
101 122
55 52
105 76
70 89
65 73
32 65
51 80
48 42
61 53
63 49
88 77
62 67
35 37
69 55
45 89
72 45
59 56
27 31
105 84
79 70
42 40
49 53
60 32
64 65
45 42
44 42
34 52
105 78
52 35
45 26
84 82
48 58
68 115
43 98
59 73
51 29
56 75
61 60
82 109
28 14
49 61
38 79
59 46
76 88
57 42
35 32
61 80
76 122
52 97
54 75
39 99
34 76
65 46
62 63
52 75
66 36
67 30
19 3
48 38
63 116
65 73
75 94
64 66
65 101
54 42
54 39
69 79
37 60
46 51
90 78
40 53
41 23
74 90
71 66
48 43
58 74
65 65
102 93
58 87
56 62
46 59
43 49
17 46
71 68
75 50
57 8
51 71
52 49
39 55
42 66
-10000 -10000
53 40
25 32
69 67
51 45
60 63
82 122
72 114
65 63
84 63
51 57
73 78
53 34
58 75
79 78
91 66
54 86
64 36
51 77
47 75
81 88
80 122
77 78
57 59
26 44
84 87
5 4
56 55
31 62
38 89
69 61
71 94
35 60
69 50
80 49
7 46
42 58
34 35
71 70
68 86
57 36
19 7
105 115
105 114
60 33
49 69
25 77
72 83
50 16
63 55
44 65
67 61
67 114
56 29
27 55
56 58
51 122
25 72
81 85
63 51
52 67
54 76
-10000 -10000
76 101
70 86
33 54
32 94
42 60
50 59
38 43
60 89
92 92
37 36
44 67
27 48
66 60
60 84
45 85
24 68
79 63
43 35
60 74
52 61
55 89
71 66
79 63
62 34
62 40
68 67
33 75
46 74
60 95
45 60
86 74
50 8
101 103
20 32
74 36
58 33
55 59
63 55
55 72
61 99
55 65
35 38
22 35
54 67
61 67
68 57
43 41
66 30
53 67
63 62
34 7
82 93
57 73
-10000 -10000
64 50
31 52
38 64
40 48
74 49
39 78
50 41
75 59
26 80
59 50
83 84
55 72
64 59
55 66
56 57
64 96
33 36
54 23
32 6
69 46
36 60
75 80
56 37
58 70
56 70
46 44
57 47
62 73
47 56
49 54
55 52
61 71
56 63
52 29
-10000 -10000
55 61
78 79
86 71
33 68
49 71
42 43
15 54
56 114
56 65
31 20
50 59
15 6
68 48
57 63
85 103
25 99
85 86
51 31
78 42
43 12
77 46
53 53
48 50
37 35
48 38
19 20
12 5
13 8
32 5
49 72
75 59
40 74
70 97
45 39
50 41
19 10
68 64
61 39
48 58
68 64
61 64
57 42
53 68
56 91
62 63
49 62
51 36
33 9
64 53
76 56
79 122
54 51
27 48
66 87
88 122
50 38
72 23
19 83
49 41
52 88
69 49
71 55
36 42
32 54
51 60
46 59
13 6
68 61
61 41
62 59
35 6
37 55
105 61
36 26
71 103
67 92
52 37
68 75
65 73
51 97
88 100
31 31
59 49
71 63
76 122
49 43
61 44
38 35
74 82
79 63
74 45
91 85
52 94
59 94
75 74
57 69
84 70
67 93
60 66
31 34
54 68
50 69
48 50
77 80
54 65
92 68
28 84
50 19
41 81
51 49
33 110
45 32
76 75
73 64
75 89
48 56
66 56
69 67
85 89
40 69
67 87
71 40
55 58
68 88
38 36
77 68
61 91
49 29
43 93
63 33
53 71
51 57
83 62
31 56
47 59
68 54
12 11
64 81
63 50
72 90
88 83
74 57
82 100
105 100
36 44
46 68
69 67
79 102
60 65
79 73
50 79
72 93
49 79
41 39
105 122
41 27
66 6
90 122
47 75
65 60
42 52
70 122
71 52
64 80
70 53
21 38
35 41
28 68
73 82
84 53
47 7
67 103
33 13
49 52
67 63
75 82
43 19
62 33
75 101
28 65
56 11
51 29
66 59
41 36
80 49
82 91
46 75
36 67
59 61
57 63
50 63
52 41
52 54
26 25
61 90
63 82
64 99
53 57
53 49
11 29
45 17
38 47
64 75
60 44
60 58
65 64
69 81
45 28
25 36
68 79
24 68
63 89
87 55
45 78
81 8
42 47
105 48
46 49
67 64
105 100
76 43
80 38
78 106
54 74
71 101
42 68
47 25
57 43
43 51
67 76
77 91
56 78
73 105
21 41
67 63
46 51
47 50
64 51
78 71
58 74
51 71
105 75
75 12
38 55
62 50
49 81
61 82
81 83
52 25
63 62
74 48
53 41
38 60
77 57
28 24
-10000 -10000
32 76
81 58
83 96
70 34
54 9
48 84
66 58
45 50
2 4
40 37
50 40
55 24
41 39
57 78
6 53
61 65
65 62
47 45
74 58
105 122
35 41
51 59
77 96
86 84
68 86
62 83
71 122
76 86
105 118
44 56
65 72
46 59
80 44
40 40
34 65
65 66
59 53
30 23
68 7
50 71
53 74
32 103
85 81
88 103
40 45
38 19
105 41
43 93
43 38
60 84
57 97
74 62
81 95
37 53
74 60
101 71
41 54
73 88
75 38
45 79
52 75
51 96
56 64
40 63
74 5
57 73
62 57
48 9
45 94
55 41
65 68
48 74
69 69
75 96
64 51
23 37
37 51
51 69
40 36
35 47
63 94
68 47
83 102
36 76
48 60
54 52
56 67
55 5
25 69
75 69
74 49
63 53
59 29
41 81
63 54
31 29
70 64
56 64
84 76
58 39
72 9
62 16
62 55
46 67
68 54
82 122
54 75
68 42
47 51
75 91
76 100
51 36
60 78
32 78
91 55
52 70
48 63
25 33
73 52
51 21
-10000 -10000
53 9
64 80
91 83
55 59
66 66
67 34
47 68
14 20
64 49
41 9
86 63
76 81
40 77
60 90
37 30
55 38
39 58
51 63
48 44
37 43
61 90
48 63
34 53
71 90
48 60
64 80
38 60
55 58
43 13
10 42
69 52
62 67
50 18
51 39
66 7
30 65
7 5
69 64
30 39
45 47
28 35
89 60
55 57
75 80
67 68
51 82
51 33
53 57
105 104
58 92
61 84
80 80
58 62
69 51
62 55
47 54
49 44
46 38
43 46
50 43
55 54
67 57
59 66
54 47
59 70
103 68
48 97
68 69
105 73
53 61
46 56
47 79
66 84
66 114
56 56
67 61
42 108
73 90
63 58
56 82
80 54
47 52
47 36
77 51
83 76
54 40
39 53
57 48
67 57
53 37
67 87
36 37
87 83
51 51
82 90
54 72
48 36
58 61
64 50
50 46
62 44
52 60
41 14
65 80
15 43
60 53
46 59
66 82
70 71
72 102
54 47
73 77
41 83
24 45
53 51
74 55
61 87
67 48
55 54
61 53
30 72
49 37
23 8
15 61
82 67
64 86
67 41
42 84
68 68
51 71
35 36
37 41
23 25
59 43
38 9
64 46
65 75
35 10
64 86
53 20
44 43
70 77
48 43
68 47
51 43
43 65
59 51
41 50
84 93
24 108
47 25
95 99
60 53
72 75
53 89
73 67
41 76
55 55
70 71
37 60
29 62
55 75
31 60
71 57
23 67
65 62
46 29
73 54
47 37
48 85
32 73
54 93
56 92
64 12
25 5
73 52
26 96
61 66
44 22
72 98
48 49
47 73
48 67
70 79
84 54
76 73
58 46
69 57
47 5
42 48
53 79
68 52
39 62
63 37
69 106
59 27
32 58
47 104
86 105
75 122
15 20
27 27
59 84
52 90
71 67
47 48
62 47
16 48
59 69
80 103
54 41
68 71
57 43
64 76
91 67
53 68
3 15
84 72
31 26
18 22
39 61
44 44
67 122
20 70
54 72
69 84
48 59
45 34
69 77
-10000 -10000
91 91
53 46
48 8
-10000 -10000
12 11
83 68
26 20
24 52
50 57
68 42
65 66
72 122
85 50
82 122
69 122
34 50
80 71
66 81
51 89
72 72
55 47
44 5
41 54
49 60
51 38
43 51
52 58
75 41
34 59
-10000 -10000
39 64
32 32
52 42
63 71
19 19
64 66
80 122
85 73
71 99
38 25
76 62
65 39
49 103
53 8
58 16
64 80
54 31
72 77
21 24
53 32
35 52
70 59
47 39
105 9
74 111
52 42
33 31
70 58
41 45
3 13
56 40
54 28
24 45
76 71
19 52
49 50
80 44
40 77
44 45
46 69
73 71
56 32
51 61
52 67
66 72
48 61
44 45
61 55
65 78
80 97
43 63
72 88
67 78
58 41
66 64
66 91
105 62
17 85
70 76
55 64
38 78
52 52
71 45
66 44
55 7
49 43
94 79
61 51
57 70
64 122
48 59
105 122
51 8
49 66
93 78
71 56
53 30
57 69
84 105
49 99
58 36
89 87
72 66
52 49
57 65
76 98
77 101
47 23
48 40
77 39
53 41
63 8
64 62
74 70
43 44
94 122
52 88
69 84
25 48
71 72
66 58
81 122
54 82
55 106
85 73
70 54
72 73
73 104
81 34
91 84
50 48
62 28
68 7
39 64
105 122
67 70
45 60
47 96
47 71
66 64
50 63
66 60
48 87
78 76
59 54
52 33
58 39
57 97
74 122
105 100
27 31
39 51
62 98
41 76
44 59
50 104
40 52
64 46
64 103
99 122
29 82
105 49
49 54
59 52
98 102
72 82
69 57
66 58
20 24
16 70
81 70
30 52
36 111
78 48
63 9
56 16
63 67
47 38
38 63
57 66
66 64
69 81
57 96
80 74
82 122
56 92
36 62
77 118
-10000 -10000
43 91
32 48
67 95
80 81
36 24
30 36
61 67
88 82
79 95
61 38
47 52
58 38
50 43
54 43
58 26
73 77
66 56
63 64
61 75
39 65
39 56
86 107
37 37
72 65
52 72
24 34
105 85
62 58
84 79
31 38
72 113
105 51
73 103
56 89
34 79
60 23
105 107
30 41
42 31
49 50
62 61
75 24
94 52
105 44
50 62
38 45
70 42
100 83
43 83
52 52
21 31
45 48
59 78
45 74
77 85
60 70
31 32
62 96
42 63
45 73
41 59
51 53
60 51
75 63
52 60
38 62
63 63
63 56
69 80
57 84
62 58
62 79
48 61
70 44
84 62
42 8
73 122
81 90
78 88
65 60
54 55
72 53
54 81
38 39
72 58
74 77
33 43
53 28
35 38
47 14
52 68
75 90
47 52
39 47
64 69
49 48
39 52
83 99
35 56
50 45
36 59
65 39
48 46
85 78
55 62
86 51
31 66
82 50
65 80
37 90
64 39
72 61
44 58
55 48
54 44
46 34
62 78
39 55
41 53
63 69
71 73
52 45
79 48
64 54
82 98
60 22
61 91
43 57
68 122
67 88
62 104
51 55
65 27
53 44
105 60
45 62
62 102
46 42
62 52
58 49
72 96
59 58
46 58
58 70
60 45
70 53
55 99
54 98
50 54
84 79
50 58
33 36
49 39
80 70
40 15
54 75
74 84
68 62
58 98
52 48
62 55
71 52
72 55
62 62
79 79
47 63
35 43
55 83
78 72
42 44
71 86
70 57
57 50
35 52
18 53
66 91
50 88
69 74
51 31
68 60
77 69
18 28
58 27
59 46
71 31
50 31
53 62
105 35
68 62
30 30
71 13
70 63
93 91
53 107
72 57
52 59
102 122
41 50
39 72
40 92
71 101
62 112
58 58
39 44
71 74
37 73
79 56
105 38
43 42
105 118
56 64
63 61
62 100
57 53
38 49
40 51
58 50
48 67
59 80
65 93
71 95
67 49
59 46
55 56
50 73
61 71
48 44
51 72
70 114
95 82
60 105
61 100
33 91
62 70
40 36
71 50
50 82
69 122
62 67
68 97
79 63
64 48
35 90
88 32
70 86
81 77
45 94
55 68
72 103
73 62
70 38
51 81
64 46
70 57
80 104
84 50
49 27
77 115
71 122
90 116
38 37
86 76
78 82
52 58
49 73
79 69
99 81
48 69
73 81
57 52
42 66
54 40
32 78
100 122
68 45
48 43
59 64
61 54
77 41
49 54
46 48
42 9
73 91
54 39
41 33
48 44
75 93
22 51
79 102
83 84
35 59
75 73
74 85
62 60
81 81
65 101
52 122
57 29
76 88
60 45
74 61
46 75
55 86
72 41
91 62
51 53
73 117
36 55
64 101
61 79
56 61
55 42
80 122
35 46
62 84
78 71
76 43
15 19
55 60
105 107
74 67
62 64
66 70
67 79
61 57
66 64
43 10
65 49
39 19
41 29
39 83
31 53
34 53
46 64
49 84
30 50
69 89
61 79
58 104
96 122
58 79
55 98
81 53
91 73
36 89
46 81
73 83
52 44
74 84
69 49
55 48
32 6
40 50
64 58
61 79
37 40
59 98
50 6
75 122
58 68
53 68
81 122
72 89
61 73
69 65
62 34
46 74
66 101
59 83
53 76
75 68
49 74
60 65
48 8
75 79
53 51
74 73
81 85
83 122
34 36
62 35
60 49
15 89
38 60
49 52
63 64
37 68
35 80
75 72
65 69
42 93
62 58
65 53
77 90
77 52
57 59
78 45
37 31
65 95
68 18
64 35
76 78
48 69
65 39
55 40
28 32
5 10
67 72
52 66
52 28
30 57
49 51
67 43
41 43
30 34
32 17
89 122
30 60
60 65
105 53
66 54
89 98
58 64
67 76
75 85
62 80
30 50
72 11
75 63
65 96
80 94
19 39
53 33
50 52
78 72
67 97
60 58
2 2
33 50
40 81
60 80
20 27
83 82
49 62
49 50
46 56
13 46
53 62
63 72
83 46
59 47
37 63
41 89
66 92
27 19
49 71
52 49
51 58
50 54
74 96
50 70
34 57
96 19
67 28
61 88
68 87
50 69
22 70
68 36
64 95
48 35
46 43
77 122
66 68
-10000 -10000
-10000 -10000
66 60
55 67
58 58
58 35
3 4
66 70
50 52
43 42
38 69
64 70
81 118
25 26
56 101
75 50
105 104
66 48
49 51
65 68
77 15
40 63
43 77
67 82
51 37
23 37
48 61
46 56
38 35
62 43
60 95
28 25
98 56
82 121
67 65
63 73
93 117
44 63
40 70
105 74
71 67
81 75
78 60
94 122
39 53
49 72
56 68
40 79
68 29
80 60
22 69
71 73
42 61
73 41
79 73
59 77
55 31
50 40
7 7
60 86
66 9
60 70
78 102
50 36
62 63
38 68
102 122
71 62
50 49
8 31
52 13
40 68
59 93
68 105
25 73
58 56
19 6
8 4
57 93
34 36
85 82
14 39
59 109
45 52
52 84
50 36
29 74
56 65
54 37
34 59
87 73
73 49
51 58
70 55
53 41
55 38
43 32
56 59
12 42
78 76
58 47
23 26
72 73
47 51
47 39
89 100
56 74
48 58
73 102
29 44
74 58
83 96
56 28
57 49
30 31
48 31
67 44
-10000 -10000
98 94
88 99
60 68
64 61
51 78
57 95
55 47
63 45
54 51
-10000 -10000
70 68
43 28
39 93
76 100
54 60
59 74
38 89
48 33
36 52
42 37
44 83
55 79
76 67
96 100
33 52
59 63
44 69
54 8
52 74
30 19
75 8
47 65
47 52
83 92
68 61
57 31
70 65
46 39
71 60
48 12
69 93
14 41
39 60
55 29
28 15
25 47
78 87
79 61
37 47
60 72
44 84
78 93
51 16
47 84
40 96
56 118
84 97
55 55
50 48
59 86
68 121
59 46
50 54
66 75
54 75
83 63
61 82
72 109
53 58
55 51
22 30
47 32
59 54
69 72
105 69
44 70
57 110
49 43
65 41
70 79
60 64
76 62
38 45
59 77
28 31
45 59
55 61
46 7
72 66
42 54
52 68
33 90
90 89
53 62
72 7
61 93
42 65
61 9
72 6
49 32
71 78
54 60
43 44
55 54
63 49
85 64
60 26
57 50
26 6
44 64
28 53
63 90
61 70
57 70
32 31
75 79
105 66
49 48
46 91
51 47
59 75
43 53
55 43
36 48
54 25
30 48
69 59
27 80
37 51
77 80
36 46
48 70
105 104
77 63
75 74
61 88
97 85
62 53
67 92
-10000 -10000
70 122
58 45
67 55
60 90
70 52
52 55
62 25
50 39
45 50
54 7
36 59
68 81
105 122
54 49
60 73
67 79
27 22
26 74
-10000 -10000
81 64
84 68
65 71
38 83
48 10
53 36
77 122
46 81
37 102
41 52
78 78
66 62
105 71
60 68
25 94
45 23
68 75
73 68
59 61
65 97
67 63
50 90
57 77
42 40
53 52
45 97
74 122
105 122
34 77
41 57
42 51
54 51
46 24
64 51
56 70
69 54
38 59
76 97
68 75
64 69
49 49
71 62
63 71
90 80
59 65
59 74
62 56
69 77
44 49
22 45
48 33
45 67
47 14
105 115
45 80
58 56
77 72
50 50
-10000 -10000
43 53
75 36
32 87
44 53
27 38
66 59
56 73
49 10
63 76
60 56
76 122
46 47
77 48
64 73
68 22
61 96
85 47
35 42
83 67
63 54
55 81
87 122
75 96
77 100
73 84
32 53
53 60
61 92
29 34
46 70
42 69
84 122
54 75
73 86
72 72
9 8
70 36
48 74
4 4
39 57
72 50
49 55
63 79
63 108
71 83
58 40
72 70
75 73
82 81
41 50
50 51
44 40
42 72
48 16
75 76
46 87
71 58
40 81
105 55
59 59
9 11
86 89
52 54
60 53
52 50
53 12
94 70
73 66
67 45
65 61
99 122
39 92
105 74
105 59
63 60
82 122
30 83
59 115
54 83
53 47
93 70
53 39
71 39
105 121
80 64
24 44
43 42
77 51
48 24
58 41
50 52
33 34
41 53
64 38
94 79
46 38
23 19
49 35
85 106
56 58
49 56
80 93
61 67
59 54
34 16
72 58
38 83
59 36
53 60
59 78
39 63
82 72
79 44
37 82
43 56
78 78
59 74
76 58
61 42
46 68
73 90
50 72
53 37
52 65
81 58
71 50
31 85
44 94
57 92
58 79
66 69
59 62
64 52
57 30
31 39
54 70
58 57
40 62
35 65
72 85
34 37
10 7
63 45
69 71
50 37
64 44
69 63
56 110
52 51
82 54
31 25
66 78
56 68
63 63
50 81
47 55
76 62
63 84
81 91
75 70
53 70
73 61
75 49
21 20
65 58
67 62
58 45
46 55
55 69
36 54
98 116
73 67
42 13
39 35
75 99
62 62
32 70
67 45
82 65
66 74
81 43
55 58
102 70
38 5
65 89
105 118
60 54
54 63
69 46
99 49
59 94
61 53
63 62
35 45
53 70
71 67
41 23
62 85
41 6
69 113
72 63
51 58
42 63
50 52
63 58
66 73
55 62
38 64
54 32
58 44
64 45
55 50
61 74
72 55
49 115
60 38
69 70
6 8
43 35
46 65
59 12
55 48
2 4
51 48
56 63
61 51
85 122
58 11
85 85
89 97
73 63
45 73
44 74
84 13
69 53
38 53
67 65
61 36
56 73
84 92
71 76
56 24
43 56
30 51
60 106
78 64
63 42
54 28
43 36
49 76
51 60
37 39
62 86
51 43
61 70
48 68
-10000 -10000
55 48
77 79
68 99
36 46
41 43
46 93
54 72
84 68
52 43
51 58
79 64
49 71
47 43
78 81
82 61
79 70
54 75
59 68
56 88
7 4
56 45
35 63
25 72
83 90
69 64
30 90
70 82
45 77
16 13
44 49
63 26
59 56
61 105
105 87
34 50
84 85
64 33
50 35
-10000 -10000
32 46
63 7
79 80
58 53
65 39
53 72
62 50
9 6
73 94
40 51
54 58
76 24
44 53
64 71
48 63
28 62
66 66
32 59
16 41
50 43
47 61
61 50
58 34
57 63
85 64
65 65
71 7
44 77
51 52
75 89
4 4
55 64
65 59
48 38
104 113
50 8
54 50
90 122
50 42
73 66
62 90
46 110
83 75
62 87
47 34
29 27
73 106
48 85
55 39
71 75
73 37
62 52
50 43
66 59
56 46
53 46
80 93
59 66
64 75
78 63
33 86
58 44
58 70
61 43
54 36
44 64
37 75
103 71
62 87
83 76
-10000 -10000
56 107
42 59
36 51
62 71
41 99
90 80
66 84
57 62
94 70
54 121
50 64
79 66
42 44
71 70
66 65
52 44
76 58
89 76
40 29
37 61
47 59
61 58
45 53
38 58
74 52
31 7
69 122
48 49
46 59
61 32
82 100
82 86
42 42
35 69
56 84
90 117
73 60
61 49
54 90
29 46
61 36
72 122
30 34
67 79
24 26
46 51
38 42
70 69
71 10
37 73
64 56
16 61
47 54
58 56
85 63
57 21
58 24
76 14
52 68
39 41
71 72
6 57
53 62
54 45
39 81
19 78
78 55
44 54
72 61
75 92
49 57
45 35
61 81
65 51
45 38
75 58
37 58
44 68
68 59
41 51
36 48
57 97
62 50
67 74
59 65
47 9
63 93
57 91
78 55
50 51
51 46
86 94
68 88
60 54
54 49
68 40
-10000 -10000
37 5
105 75
69 103
39 83
70 77
25 30
56 40
81 62
6 4
49 91
38 60
76 65
29 106
18 56
55 56
68 77
49 103
-10000 -10000
1 3
66 82
47 112
87 60
61 63
38 63
70 93
47 24
25 40
69 56
45 69
86 100
40 56
67 61
47 14
63 68
42 70
62 34
49 46
20 7
86 97
23 21
79 89
79 88
59 108
78 103
64 122
65 67
60 85
73 70
78 88
55 52
69 81
73 101
85 79
33 40
6 4
37 45
86 86
26 40
88 56
64 104
52 57
62 65
57 34
72 37
25 70
35 52
65 69
20 4
55 93
72 66
75 60
41 70
58 31
71 89
52 56
75 96
42 52
65 111
66 69
80 90
85 82
59 71
55 42
57 70
51 53
66 63
43 41
105 103
16 21
71 64
38 47
49 52
71 91
41 49
40 60
76 116
72 100
89 81
60 57
72 68
59 97
56 47
66 53
41 46
48 23
65 48
47 40
80 71
71 95
86 56
82 120
88 73
68 51
42 64
51 49
90 86
71 70
57 80
24 15
33 111
69 60
32 31
75 75
57 93
63 57
66 62
68 96
29 4
47 90
60 57
55 76
33 64
21 27
52 52
64 53
38 28
42 49
59 97
86 70
45 54
47 59
54 54
71 54
72 60
60 65
65 50
48 47
60 35
90 88
52 51
58 49
72 32
66 71
39 71
66 71
33 56
45 66
63 88
22 58
55 54
51 56
63 80
66 71
50 61
73 63
66 90
57 39
61 53
52 87
40 49
88 80
29 58
43 40
44 32
10 1
36 74
88 72
65 46
90 99
57 84
73 70
26 58
63 74
56 75
76 122
72 92
62 86
83 57
63 46
11 10
57 42
33 39
49 46
37 69
69 69
49 11
73 74
76 61
83 95
68 62
37 44
28 62
37 57
47 47
3 13
39 54
54 55
61 33
54 49
39 52
27 35
60 90
27 5
77 19
71 93
37 78
77 50
95 86
65 69
47 49
10 10
84 95
60 62
39 32
53 66
56 30
70 74
80 66
54 9
61 66
80 122
49 74
17 10
68 58
89 78
69 104
58 69
44 82
72 71
71 51
64 36
67 48
77 49
105 51
63 48
67 67
63 51
105 122
34 36
30 53
57 76
67 28
76 56
58 69
70 43
81 120
47 56
52 51
49 49
78 94
54 57
50 27
58 84
90 77
72 95
76 45
53 63
79 54
75 45
73 74
81 48
60 82
69 67
25 44
69 46
52 65
50 27
68 100
50 83
65 74
70 61
53 47
38 42
49 56
96 122
44 80
42 45
53 80
30 18
63 81
75 65
95 88
67 73
48 54
72 62
51 70
77 99
50 62
57 33
50 66
39 59
49 40
44 93
30 81
58 72
40 14
47 51
49 47
55 46
26 64
53 36
55 63
44 45
38 55
59 69
12 38
75 70
54 44
50 27
103 122
10 13
54 39
62 64
40 54
39 35
50 50
1 2
39 59
46 4
-10000 -10000
78 75
79 108
33 31
55 91
65 62
47 56
50 85
105 81
63 29
44 47
43 56
62 11
47 55
39 43
44 45
79 69
19 22
39 49
79 61
33 102
66 49
90 83
61 70
69 62
37 42
74 63
64 81
49 19
87 69
60 33
64 59
57 35
25 5
83 87
48 7
60 35
61 88
49 51
76 54
78 61
55 75
50 72
71 80
24 40
58 78
60 49
94 85
42 66
57 71
52 36
26 72
15 42
44 58
47 39
55 54
42 49
55 37
74 72
52 63
3 16
30 33
50 66
69 61
48 49
41 80
105 122
72 42
57 75
56 53
84 122
57 81
84 79
56 45
11 6
85 56
65 84
38 56
35 22
40 105
44 54
36 41
40 56
47 50
68 75
45 82
34 57
66 73
57 56
80 84
51 75
63 79
34 58
64 51
80 121
54 32
69 69
84 76
62 26
81 87
48 46
87 66
99 41
74 88
38 35
68 90
79 68
67 37
59 79
47 61
77 76
39 55
39 88
67 103
95 115
71 51
40 51
67 75
60 96
105 56
73 57
59 69
63 92
45 43
37 75
28 69
60 93
65 74
65 46
49 67
34 16
78 70
59 25
70 64
51 64
53 60
66 46
34 32
50 43
65 122
59 48
55 25
64 59
75 51
51 69
39 45
53 68
40 43
100 96
65 96
58 11
34 71
70 51
65 38
42 65
63 10
43 55
62 84
60 25
76 122
75 80
46 51
80 105
45 34
70 72
57 58
51 55
49 70
37 54
50 41
77 74
54 57
56 9
73 53
55 69
87 86
83 55
62 42
48 89
45 17
33 76
15 16
73 32
66 68
83 73
57 53
66 51
66 67
17 8
7 4
82 51
76 72
25 26
33 86
75 88
73 47
52 59
56 64
20 103
73 50
38 46
75 63
70 102
75 56
71 88
44 61
71 63
64 68
58 67
27 64
48 60
40 53
47 87
6 13
80 122
3 3
60 36
61 60
64 84
62 93
20 30
105 104
59 88
64 56
63 35
63 56
43 45
67 63
86 54
45 35
10 7
70 59
30 30
52 66
66 69
4 4
34 73
56 54
69 93
50 41
71 67
60 65
59 39
31 37
23 8
71 108
40 38
59 61
80 84
77 71
83 122
43 47
33 10
59 36
85 87
98 61
79 88
74 44
75 91
48 100
102 95
52 76
62 38
57 19
35 67
51 35
50 36
56 50
74 80
36 64
68 54
32 47
38 67
57 79
41 52
82 55
53 61
81 122
55 54
66 50
81 65
62 70
57 24
22 53
55 60
73 90
59 50
39 81
78 53
73 63
70 98
44 73
40 57
51 9
40 61
61 104
15 10
75 118
45 46
70 122
54 39
55 55
62 117
60 67
65 65
66 76
105 42
66 59
58 68
61 71
53 44
88 88
51 65
81 122
59 98
72 68
54 86
47 74
52 40
21 66
65 55
35 73
49 60
28 85
80 5
16 4
46 85
20 50
38 45
66 95
48 55
62 96
53 45
35 69
35 83
51 55
69 64
42 37
58 74
51 73
48 49
53 98
70 89
38 65
43 81
76 65
42 57
75 69
34 68
45 60
44 50
64 61
67 57
64 87
45 59
71 76
64 57
69 46
41 109
52 122
78 49
37 71
105 82
56 122
56 73
32 37
72 67
39 36
51 12
50 57
28 31
61 64
68 95
50 52
64 86
52 121
74 47
38 65
68 57
76 41
50 44
55 48
25 31
26 9
46 61
92 60
57 52
41 84
48 51
48 60
58 26
67 85
84 71
31 76
82 99
29 41
67 57
82 84
48 60
83 57
50 54
63 46
62 85
38 48
26 28
67 50
59 82
38 44
70 77
68 52
45 81
63 81
24 9
60 68
29 49
80 122
36 58
36 54
60 79
45 65
36 62
86 69
72 69
27 56
90 102
57 44
45 16
69 30
14 34
75 98
69 49
44 34
65 63
28 80
75 81
44 40
36 41
41 44
37 73
82 87
74 80
26 37
44 75
71 88
51 98
49 40
73 25
51 71
70 75
76 72
45 70
34 42
64 82
32 57
68 76
42 84
